8.225390625000000000e+01
1.047265625000000000e+02
8.225390625000000000e+01
1.195546875000000000e+02
8.319921875000000000e+01
1.343828125000000000e+02
8.603515625000000000e+01
1.503515625000000000e+02
9.643359375000000000e+01
1.617578125000000000e+02
1.068320312500000000e+02
1.697421875000000000e+02
1.181757812500000000e+02
1.765859375000000000e+02
1.314101562500000000e+02
1.811484375000000000e+02
1.446445312500000000e+02
1.811484375000000000e+02
1.578789062500000000e+02
1.800078125000000000e+02
1.692226562500000000e+02
1.754453125000000000e+02
1.777304687500000000e+02
1.686015625000000000e+02
1.852929687500000000e+02
1.571953125000000000e+02
1.909648437500000000e+02
1.446484375000000000e+02
1.947460937500000000e+02
1.298203125000000000e+02
1.956914062500000000e+02
1.149921875000000000e+02
1.956914062500000000e+02
1.024453125000000000e+02
9.170703125000000000e+01
1.013046875000000000e+02
1.002148437500000000e+02
9.389062500000000000e+01
1.096679687500000000e+02
9.160937500000000000e+01
1.205390625000000000e+02
9.217968750000000000e+01
1.295195312500000000e+02
9.389062500000000000e+01
1.540976562500000000e+02
9.275000000000000000e+01
1.635507812500000000e+02
9.046875000000000000e+01
1.725312500000000000e+02
8.932812500000000000e+01
1.819843750000000000e+02
8.932812500000000000e+01
1.909648437500000000e+02
9.446093750000000000e+01
1.436992187500000000e+02
1.024453125000000000e+02
1.446445312500000000e+02
1.138515625000000000e+02
1.455898437500000000e+02
1.252578125000000000e+02
1.455898437500000000e+02
1.355234375000000000e+02
1.285742187500000000e+02
1.366640625000000000e+02
1.370820312500000000e+02
1.389453125000000000e+02
1.446445312500000000e+02
1.412265625000000000e+02
1.522070312500000000e+02
1.389453125000000000e+02
1.588242187500000000e+02
1.366640625000000000e+02
1.030507812500000000e+02
1.047265625000000000e+02
1.077773437500000000e+02
1.013046875000000000e+02
1.200664062500000000e+02
1.001640625000000000e+02
1.276289062500000000e+02
1.047265625000000000e+02
1.200664062500000000e+02
1.058671875000000000e+02
1.077773437500000000e+02
1.058671875000000000e+02
1.578789062500000000e+02
1.024453125000000000e+02
1.644960937500000000e+02
9.788281250000000000e+01
1.767851562500000000e+02
9.902343750000000000e+01
1.824570312500000000e+02
1.024453125000000000e+02
1.767851562500000000e+02
1.047265625000000000e+02
1.654414062500000000e+02
1.035859375000000000e+02
1.162851562500000000e+02
1.503515625000000000e+02
1.285742187500000000e+02
1.503515625000000000e+02
1.408632812500000000e+02
1.492109375000000000e+02
1.446445312500000000e+02
1.503515625000000000e+02
1.484257812500000000e+02
1.492109375000000000e+02
1.588242187500000000e+02
1.503515625000000000e+02
1.692226562500000000e+02
1.503515625000000000e+02
1.616601562500000000e+02
1.560546875000000000e+02
1.540976562500000000e+02
1.594765625000000000e+02
1.446445312500000000e+02
1.617578125000000000e+02
1.351914062500000000e+02
1.594765625000000000e+02
1.257382812500000000e+02
1.560546875000000000e+02
1.172304687500000000e+02
1.514921875000000000e+02
1.314101562500000000e+02
1.537734375000000000e+02
1.446445312500000000e+02
1.537734375000000000e+02
1.559882812500000000e+02
1.537734375000000000e+02
1.673320312500000000e+02
1.514921875000000000e+02
1.559882812500000000e+02
1.526328125000000000e+02
1.446445312500000000e+02
1.549140625000000000e+02
1.314101562500000000e+02
1.537734375000000000e+02
