8.130468750000000000e+01
9.804687500000000000e+01
8.130468750000000000e+01
1.098593750000000000e+02
8.203906250000000000e+01
1.225156250000000000e+02
8.424218750000000000e+01
1.351718750000000000e+02
9.158593750000000000e+01
1.427656250000000000e+02
1.011328125000000000e+02
1.478281250000000000e+02
1.114140625000000000e+02
1.520468750000000000e+02
1.224296875000000000e+02
1.528906250000000000e+02
1.319765625000000000e+02
1.528906250000000000e+02
1.407890625000000000e+02
1.520468750000000000e+02
1.488671875000000000e+02
1.469843750000000000e+02
1.562109375000000000e+02
1.419218750000000000e+02
1.628203125000000000e+02
1.343281250000000000e+02
1.664921875000000000e+02
1.250468750000000000e+02
1.694296875000000000e+02
1.140781250000000000e+02
1.694296875000000000e+02
1.039531250000000000e+02
1.694296875000000000e+02
9.298437500000000000e+01
8.644531250000000000e+01
8.960937500000000000e+01
9.305468750000000000e+01
8.581250000000000000e+01
1.015000000000000000e+02
8.623437500000000000e+01
1.110468750000000000e+02
8.750000000000000000e+01
1.194921875000000000e+02
8.834375000000000000e+01
1.382187500000000000e+02
8.750000000000000000e+01
1.451953125000000000e+02
8.539062500000000000e+01
1.525390625000000000e+02
8.328125000000000000e+01
1.602500000000000000e+02
8.328125000000000000e+01
1.664921875000000000e+02
8.707812500000000000e+01
1.297734375000000000e+02
9.720312500000000000e+01
1.305078125000000000e+02
1.039531250000000000e+02
1.312421875000000000e+02
1.098593750000000000e+02
1.319765625000000000e+02
1.166093750000000000e+02
1.209609375000000000e+02
1.233593750000000000e+02
1.261015625000000000e+02
1.233593750000000000e+02
1.319765625000000000e+02
1.242031250000000000e+02
1.371171875000000000e+02
1.225156250000000000e+02
1.415234375000000000e+02
1.216718750000000000e+02
9.452343750000000000e+01
9.973437500000000000e+01
9.892968750000000000e+01
9.635937500000000000e+01
1.114140625000000000e+02
9.635937500000000000e+01
1.150859375000000000e+02
1.005781250000000000e+02
1.106796875000000000e+02
1.014218750000000000e+02
9.966406250000000000e+01
1.014218750000000000e+02
1.415234375000000000e+02
9.889062500000000000e+01
1.459296875000000000e+02
9.382812500000000000e+01
1.562109375000000000e+02
9.298437500000000000e+01
1.606171875000000000e+02
9.551562500000000000e+01
1.569453125000000000e+02
9.804687500000000000e+01
1.466640625000000000e+02
9.973437500000000000e+01
1.114140625000000000e+02
1.360156250000000000e+02
1.202265625000000000e+02
1.326406250000000000e+02
1.290390625000000000e+02
1.301093750000000000e+02
1.319765625000000000e+02
1.301093750000000000e+02
1.349140625000000000e+02
1.301093750000000000e+02
1.415234375000000000e+02
1.309531250000000000e+02
1.473984375000000000e+02
1.334843750000000000e+02
1.429921875000000000e+02
1.377031250000000000e+02
1.378515625000000000e+02
1.402343750000000000e+02
1.319765625000000000e+02
1.419218750000000000e+02
1.246328125000000000e+02
1.410781250000000000e+02
1.180234375000000000e+02
1.393906250000000000e+02
1.121484375000000000e+02
1.360156250000000000e+02
1.224296875000000000e+02
1.351718750000000000e+02
1.319765625000000000e+02
1.343281250000000000e+02
1.393203125000000000e+02
1.343281250000000000e+02
1.466640625000000000e+02
1.343281250000000000e+02
1.393203125000000000e+02
1.334843750000000000e+02
1.319765625000000000e+02
1.343281250000000000e+02
1.216953125000000000e+02
1.351718750000000000e+02
