8.225390625000000000e+01
1.067265625000000000e+02
8.225390625000000000e+01
1.204140625000000000e+02
8.319921875000000000e+01
1.363828125000000000e+02
8.698046875000000000e+01
1.523515625000000000e+02
9.548828125000000000e+01
1.626171875000000000e+02
1.068320312500000000e+02
1.717421875000000000e+02
1.191210937500000000e+02
1.785859375000000000e+02
1.314101562500000000e+02
1.820078125000000000e+02
1.446445312500000000e+02
1.831484375000000000e+02
1.578789062500000000e+02
1.820078125000000000e+02
1.682773437500000000e+02
1.774453125000000000e+02
1.777304687500000000e+02
1.694609375000000000e+02
1.852929687500000000e+02
1.580546875000000000e+02
1.909648437500000000e+02
1.455078125000000000e+02
1.947460937500000000e+02
1.318203125000000000e+02
1.956914062500000000e+02
1.169921875000000000e+02
1.956914062500000000e+02
1.044453125000000000e+02
9.170703125000000000e+01
1.044453125000000000e+02
1.002148437500000000e+02
9.703125000000000000e+01
1.096679687500000000e+02
9.475000000000000000e+01
1.200664062500000000e+02
9.475000000000000000e+01
1.290468750000000000e+02
9.589062500000000000e+01
1.540976562500000000e+02
9.475000000000000000e+01
1.635507812500000000e+02
9.246875000000000000e+01
1.730039062500000000e+02
9.132812500000000000e+01
1.824570312500000000e+02
9.189843750000000000e+01
1.909648437500000000e+02
9.760156250000000000e+01
1.427539062500000000e+02
1.044453125000000000e+02
1.446445312500000000e+02
1.158515625000000000e+02
1.446445312500000000e+02
1.261171875000000000e+02
1.455898437500000000e+02
1.363828125000000000e+02
1.285742187500000000e+02
1.386640625000000000e+02
1.370820312500000000e+02
1.409453125000000000e+02
1.446445312500000000e+02
1.432265625000000000e+02
1.522070312500000000e+02
1.409453125000000000e+02
1.588242187500000000e+02
1.386640625000000000e+02
1.030507812500000000e+02
1.067265625000000000e+02
1.077773437500000000e+02
1.044453125000000000e+02
1.200664062500000000e+02
1.033046875000000000e+02
1.276289062500000000e+02
1.067265625000000000e+02
1.200664062500000000e+02
1.078671875000000000e+02
1.077773437500000000e+02
1.078671875000000000e+02
1.578789062500000000e+02
1.055859375000000000e+02
1.644960937500000000e+02
1.010234375000000000e+02
1.767851562500000000e+02
1.010234375000000000e+02
1.824570312500000000e+02
1.044453125000000000e+02
1.767851562500000000e+02
1.067265625000000000e+02
1.654414062500000000e+02
1.067265625000000000e+02
1.162851562500000000e+02
1.523515625000000000e+02
1.285742187500000000e+02
1.512109375000000000e+02
1.399179687500000000e+02
1.512109375000000000e+02
1.446445312500000000e+02
1.512109375000000000e+02
1.484257812500000000e+02
1.512109375000000000e+02
1.588242187500000000e+02
1.512109375000000000e+02
1.682773437500000000e+02
1.523515625000000000e+02
1.616601562500000000e+02
1.569140625000000000e+02
1.540976562500000000e+02
1.614765625000000000e+02
1.446445312500000000e+02
1.626171875000000000e+02
1.351914062500000000e+02
1.603359375000000000e+02
1.257382812500000000e+02
1.569140625000000000e+02
1.172304687500000000e+02
1.523515625000000000e+02
1.314101562500000000e+02
1.546328125000000000e+02
1.446445312500000000e+02
1.557734375000000000e+02
1.559882812500000000e+02
1.546328125000000000e+02
1.673320312500000000e+02
1.523515625000000000e+02
1.559882812500000000e+02
1.546328125000000000e+02
1.446445312500000000e+02
1.557734375000000000e+02
1.314101562500000000e+02
1.546328125000000000e+02
