7.937500000000000000e+01
1.066640625000000000e+02
8.012500000000000000e+01
1.209609375000000000e+02
8.012500000000000000e+01
1.343046875000000000e+02
8.312500000000000000e+01
1.486015625000000000e+02
9.137500000000000000e+01
1.581328125000000000e+02
1.011250000000000000e+02
1.638515625000000000e+02
1.116250000000000000e+02
1.676640625000000000e+02
1.228750000000000000e+02
1.686171875000000000e+02
1.326250000000000000e+02
1.686171875000000000e+02
1.423750000000000000e+02
1.676640625000000000e+02
1.506250000000000000e+02
1.619453125000000000e+02
1.581250000000000000e+02
1.562265625000000000e+02
1.641250000000000000e+02
1.476484375000000000e+02
1.686250000000000000e+02
1.371640625000000000e+02
1.693750000000000000e+02
1.247734375000000000e+02
1.693750000000000000e+02
1.142890625000000000e+02
1.693750000000000000e+02
1.018984375000000000e+02
8.612500000000000000e+01
9.713281250000000000e+01
9.287500000000000000e+01
9.236718750000000000e+01
1.015000000000000000e+02
9.379687500000000000e+01
1.112500000000000000e+02
9.475000000000000000e+01
1.191250000000000000e+02
9.570312500000000000e+01
1.390000000000000000e+02
9.475000000000000000e+01
1.461250000000000000e+02
9.236718750000000000e+01
1.540000000000000000e+02
8.998437500000000000e+01
1.615000000000000000e+02
8.998437500000000000e+01
1.678750000000000000e+02
9.427343750000000000e+01
1.303750000000000000e+02
1.057109375000000000e+02
1.311250000000000000e+02
1.133359375000000000e+02
1.326250000000000000e+02
1.200078125000000000e+02
1.326250000000000000e+02
1.276328125000000000e+02
1.206250000000000000e+02
1.352578125000000000e+02
1.266250000000000000e+02
1.352578125000000000e+02
1.326250000000000000e+02
1.362109375000000000e+02
1.378750000000000000e+02
1.343046875000000000e+02
1.423750000000000000e+02
1.333515625000000000e+02
9.362500000000000000e+01
1.076171875000000000e+02
9.887500000000000000e+01
1.047578125000000000e+02
1.108750000000000000e+02
1.047578125000000000e+02
1.153750000000000000e+02
1.095234375000000000e+02
1.108750000000000000e+02
1.104765625000000000e+02
9.887500000000000000e+01
1.104765625000000000e+02
1.423750000000000000e+02
1.076171875000000000e+02
1.468750000000000000e+02
1.018984375000000000e+02
1.581250000000000000e+02
1.009453125000000000e+02
1.618750000000000000e+02
1.038046875000000000e+02
1.581250000000000000e+02
1.066640625000000000e+02
1.476250000000000000e+02
1.085703125000000000e+02
1.108750000000000000e+02
1.495546875000000000e+02
1.206250000000000000e+02
1.457421875000000000e+02
1.296250000000000000e+02
1.428828125000000000e+02
1.326250000000000000e+02
1.428828125000000000e+02
1.356250000000000000e+02
1.428828125000000000e+02
1.423750000000000000e+02
1.438359375000000000e+02
1.483750000000000000e+02
1.466953125000000000e+02
1.438750000000000000e+02
1.514609375000000000e+02
1.386250000000000000e+02
1.543203125000000000e+02
1.326250000000000000e+02
1.562265625000000000e+02
1.251250000000000000e+02
1.552734375000000000e+02
1.183750000000000000e+02
1.533671875000000000e+02
1.123750000000000000e+02
1.495546875000000000e+02
1.228750000000000000e+02
1.486015625000000000e+02
1.326250000000000000e+02
1.476484375000000000e+02
1.401250000000000000e+02
1.476484375000000000e+02
1.476250000000000000e+02
1.476484375000000000e+02
1.401250000000000000e+02
1.476484375000000000e+02
1.326250000000000000e+02
1.486015625000000000e+02
1.221250000000000000e+02
1.495546875000000000e+02
