6.760546875000000000e+01
1.408203125000000000e+02
6.760546875000000000e+01
1.625546875000000000e+02
6.760546875000000000e+01
1.876328125000000000e+02
7.169921875000000000e+01
2.110390625000000000e+02
8.193359375000000000e+01
2.244140625000000000e+02
9.319140625000000000e+01
2.377890625000000000e+02
1.054726562500000000e+02
2.461484375000000000e+02
1.218476562500000000e+02
2.478203125000000000e+02
1.361757812500000000e+02
2.478203125000000000e+02
1.494804687500000000e+02
2.478203125000000000e+02
1.617617187500000000e+02
2.428046875000000000e+02
1.709726562500000000e+02
2.311015625000000000e+02
1.791601562500000000e+02
2.160546875000000000e+02
1.853007812500000000e+02
1.976640625000000000e+02
1.893945312500000000e+02
1.776015625000000000e+02
1.904179687500000000e+02
1.558671875000000000e+02
1.904179687500000000e+02
1.358046875000000000e+02
7.681640625000000000e+01
1.341328125000000000e+02
8.602734375000000000e+01
1.232656250000000000e+02
9.677343750000000000e+01
1.199218750000000000e+02
1.080312500000000000e+02
1.190859375000000000e+02
1.182656250000000000e+02
1.215937500000000000e+02
1.453867187500000000e+02
1.190859375000000000e+02
1.556210937500000000e+02
1.165781250000000000e+02
1.658554687500000000e+02
1.149062500000000000e+02
1.755781250000000000e+02
1.149062500000000000e+02
1.853007812500000000e+02
1.224296875000000000e+02
1.331054687500000000e+02
1.358046875000000000e+02
1.351523437500000000e+02
1.525234375000000000e+02
1.351523437500000000e+02
1.692421875000000000e+02
1.361757812500000000e+02
1.842890625000000000e+02
1.177539062500000000e+02
1.876328125000000000e+02
1.269648437500000000e+02
1.909765625000000000e+02
1.351523437500000000e+02
1.943203125000000000e+02
1.433398437500000000e+02
1.909765625000000000e+02
1.505039062500000000e+02
1.876328125000000000e+02
8.909765625000000000e+01
1.391484375000000000e+02
9.421484375000000000e+01
1.341328125000000000e+02
1.085429687500000000e+02
1.324609375000000000e+02
1.146835937500000000e+02
1.391484375000000000e+02
1.085429687500000000e+02
1.408203125000000000e+02
9.523828125000000000e+01
1.408203125000000000e+02
1.484570312500000000e+02
1.358046875000000000e+02
1.566445312500000000e+02
1.291171875000000000e+02
1.699492187500000000e+02
1.307890625000000000e+02
1.760898437500000000e+02
1.358046875000000000e+02
1.699492187500000000e+02
1.391484375000000000e+02
1.576679687500000000e+02
1.374765625000000000e+02
1.034257812500000000e+02
2.093671875000000000e+02
1.177539062500000000e+02
2.076953125000000000e+02
1.310585937500000000e+02
2.060234375000000000e+02
1.351523437500000000e+02
2.076953125000000000e+02
1.392460937500000000e+02
2.060234375000000000e+02
1.505039062500000000e+02
2.076953125000000000e+02
1.607382812500000000e+02
2.093671875000000000e+02
1.535742187500000000e+02
2.177265625000000000e+02
1.453867187500000000e+02
2.227421875000000000e+02
1.361757812500000000e+02
2.260859375000000000e+02
1.249179687500000000e+02
2.227421875000000000e+02
1.146835937500000000e+02
2.160546875000000000e+02
1.054726562500000000e+02
2.093671875000000000e+02
1.208242187500000000e+02
2.127109375000000000e+02
1.351523437500000000e+02
2.143828125000000000e+02
1.474335937500000000e+02
2.127109375000000000e+02
1.597148437500000000e+02
2.093671875000000000e+02
1.474335937500000000e+02
2.127109375000000000e+02
1.351523437500000000e+02
2.143828125000000000e+02
1.208242187500000000e+02
2.127109375000000000e+02
