8.030468750000000000e+01
9.827343750000000000e+01
8.103906250000000000e+01
1.106953125000000000e+02
8.103906250000000000e+01
1.222890625000000000e+02
8.397656250000000000e+01
1.347109375000000000e+02
9.132031250000000000e+01
1.421640625000000000e+02
1.008671875000000000e+02
1.479609375000000000e+02
1.111484375000000000e+02
1.521015625000000000e+02
1.221640625000000000e+02
1.529296875000000000e+02
1.324453125000000000e+02
1.529296875000000000e+02
1.412578125000000000e+02
1.521015625000000000e+02
1.493359375000000000e+02
1.471328125000000000e+02
1.566796875000000000e+02
1.413359375000000000e+02
1.625546875000000000e+02
1.338828125000000000e+02
1.669609375000000000e+02
1.247734375000000000e+02
1.684296875000000000e+02
1.148359375000000000e+02
1.684296875000000000e+02
1.040703125000000000e+02
1.684296875000000000e+02
9.330468750000000000e+01
8.617968750000000000e+01
8.999218750000000000e+01
9.315625000000000000e+01
8.543750000000000000e+01
1.012343750000000000e+02
8.626562500000000000e+01
1.107812500000000000e+02
8.709375000000000000e+01
1.192265625000000000e+02
8.875000000000000000e+01
1.379531250000000000e+02
8.792187500000000000e+01
1.449296875000000000e+02
8.502343750000000000e+01
1.522734375000000000e+02
8.378125000000000000e+01
1.599843750000000000e+02
8.336718750000000000e+01
1.669609375000000000e+02
8.750781250000000000e+01
1.295078125000000000e+02
9.744531250000000000e+01
1.302421875000000000e+02
1.040703125000000000e+02
1.317109375000000000e+02
1.098671875000000000e+02
1.324453125000000000e+02
1.164921875000000000e+02
1.206953125000000000e+02
1.231171875000000000e+02
1.258359375000000000e+02
1.231171875000000000e+02
1.317109375000000000e+02
1.239453125000000000e+02
1.368515625000000000e+02
1.231171875000000000e+02
1.419921875000000000e+02
1.214609375000000000e+02
9.352343750000000000e+01
9.910156250000000000e+01
9.866406250000000000e+01
9.661718750000000000e+01
1.111484375000000000e+02
9.661718750000000000e+01
1.148203125000000000e+02
1.007578125000000000e+02
1.104140625000000000e+02
1.015859375000000000e+02
9.939843750000000000e+01
1.015859375000000000e+02
1.412578125000000000e+02
9.910156250000000000e+01
1.456640625000000000e+02
9.413281250000000000e+01
1.566796875000000000e+02
9.247656250000000000e+01
1.603515625000000000e+02
9.578906250000000000e+01
1.566796875000000000e+02
9.827343750000000000e+01
1.463984375000000000e+02
9.992968750000000000e+01
1.111484375000000000e+02
1.363671875000000000e+02
1.199609375000000000e+02
1.330546875000000000e+02
1.287734375000000000e+02
1.297421875000000000e+02
1.317109375000000000e+02
1.297421875000000000e+02
1.353828125000000000e+02
1.297421875000000000e+02
1.412578125000000000e+02
1.305703125000000000e+02
1.471328125000000000e+02
1.338828125000000000e+02
1.427265625000000000e+02
1.371953125000000000e+02
1.375859375000000000e+02
1.405078125000000000e+02
1.324453125000000000e+02
1.421640625000000000e+02
1.251015625000000000e+02
1.413359375000000000e+02
1.177578125000000000e+02
1.388515625000000000e+02
1.118828125000000000e+02
1.363671875000000000e+02
1.221640625000000000e+02
1.355390625000000000e+02
1.324453125000000000e+02
1.347109375000000000e+02
1.390546875000000000e+02
1.338828125000000000e+02
1.463984375000000000e+02
1.338828125000000000e+02
1.390546875000000000e+02
1.338828125000000000e+02
1.324453125000000000e+02
1.347109375000000000e+02
1.221640625000000000e+02
1.355390625000000000e+02
